hist=[
           1  4.28726E-01  3.80000E-01  1.60000E-01  1.48975E+00  3.50064E-01
       2  3.35751E-01  1.48975E+00  2.56000E+00  1.22025E+00  1.20359E+00
       3 -9.96115E-02  1.22025E+00  4.09600E+01  1.12532E+00  2.04253E+00
       4 -4.62174E-01  1.12532E+00  6.55360E+02  1.08980E+00  2.87742E+00
       5 -8.89459E-01  1.08980E+00  1.04858E+04  1.08229E+00  3.71705E+00
       6 -1.55609E+00  1.08229E+00  1.67772E+05  1.08431E+00  4.55391E+00
       7 -2.75677E+00  1.08431E+00  2.68435E+06  1.08403E+00  5.37318E+00
       8 -2.94279E+00  1.08403E+00  4.29497E+07  1.08371E+00  6.18961E+00
       9 -3.04161E+00  1.08371E+00  9.00000E+07  1.08347E+00  7.00831E+00
      10 -3.30284E+00  1.08347E+00  9.00000E+07  1.08350E+00  7.83154E+00
      11 -3.60511E+00  1.08350E+00  9.00000E+07  1.08358E+00  8.65497E+00
      12 -3.94350E+00  1.08358E+00  9.00000E+07  1.08371E+00  9.47592E+00
      13 -4.23062E+00  1.08371E+00  9.00000E+07  1.08369E+00  1.02949E+01
      14 -4.55292E+00  1.08369E+00  9.00000E+07  1.08371E+00  1.11211E+01
      15 -4.80559E+00  1.08371E+00  9.00000E+07  1.08370E+00  1.19502E+01
      16 -4.83142E+00  1.08370E+00  9.00000E+07  1.08370E+00  1.27688E+01
      17 -4.83790E+00  1.08370E+00  9.00000E+07  1.08370E+00  1.35870E+01
      18 -4.84014E+00  1.08370E+00  9.00000E+07  1.08370E+00  1.44171E+01
      19 -4.84122E+00  1.08370E+00  9.00000E+07  1.08370E+00  1.52393E+01
      20 -4.84201E+00  1.08370E+00  9.00000E+07  1.08370E+00  1.60643E+01
      21 -4.84315E+00  1.08370E+00  9.00000E+07  1.08370E+00  1.68924E+01
      22 -4.84564E+00  1.08370E+00  9.00000E+07  1.08370E+00  1.77158E+01
      23 -4.85419E+00  1.08370E+00  9.00000E+07  1.08371E+00  1.85384E+01
      24 -4.94144E+00  1.08371E+00  9.00000E+07  1.08370E+00  1.93624E+01
      25 -5.14246E+00  1.08370E+00  9.00000E+07  1.08370E+00  2.01869E+01
      26 -5.28609E+00  1.08370E+00  9.00000E+07  1.08370E+00  2.10069E+01
      27 -5.34006E+00  1.08370E+00  9.00000E+07  1.08370E+00  2.18376E+01
      28 -5.34130E+00  1.08370E+00  9.00000E+07  1.08370E+00  2.26613E+01
      29 -5.35606E+00  1.08370E+00  9.00000E+07  1.08370E+00  2.34842E+01
      30 -5.35576E+00  1.08370E+00  9.00000E+07  1.08370E+00  2.43088E+01
      31 -5.39933E+00  1.08370E+00  9.00000E+07  1.08370E+00  2.51344E+01
      32 -5.42063E+00  1.08370E+00  9.00000E+07  1.08370E+00  2.59586E+01
      33 -5.66598E+00  1.08370E+00  9.00000E+07  1.08369E+00  2.67890E+01
      34 -5.74338E+00  1.08369E+00  9.00000E+07  1.08369E+00  2.76112E+01
      35 -5.93079E+00  1.08369E+00  9.00000E+07  1.08369E+00  2.84315E+01
      36 -5.93145E+00  1.08369E+00  9.00000E+07  1.08369E+00  2.92558E+01
      37 -5.94306E+00  1.08369E+00  9.00000E+07  1.08369E+00  3.00772E+01
      38 -5.96969E+00  1.08369E+00  9.00000E+07  1.08369E+00  3.08963E+01
      39 -6.03688E+00  1.08369E+00  9.00000E+07  1.08369E+00  3.17212E+01
      40 -6.07794E+00  1.08369E+00  9.00000E+07  1.08369E+00  3.25460E+01
      41 -6.23777E+00  1.08369E+00  9.00000E+07  1.08369E+00  3.33690E+01
      42 -6.33639E+00  1.08369E+00  9.00000E+07  1.08369E+00  3.41933E+01
      43 -6.36577E+00  1.08369E+00  9.00000E+07  1.08369E+00  3.50173E+01
      44 -6.37758E+00  1.08369E+00  9.00000E+07  1.08369E+00  3.58419E+01
      45 -6.65115E+00  1.08369E+00  9.00000E+07  1.08369E+00  3.66684E+01
      46 -6.94847E+00  1.08369E+00  9.00000E+07  1.08369E+00  3.74926E+01
      47 -7.16968E+00  1.08369E+00  9.00000E+07  1.08369E+00  3.83120E+01
      48 -7.26358E+00  1.08369E+00  9.00000E+07  1.08369E+00  3.91347E+01
      49 -7.36348E+00  1.08369E+00  9.00000E+07  1.08369E+00  3.99609E+01
      50 -7.35720E+00  1.08369E+00  9.00000E+07  1.08369E+00  4.07883E+01
      51 -7.35824E+00  1.08369E+00  9.00000E+07  1.08369E+00  4.16122E+01
      52 -7.35883E+00  1.08369E+00  9.00000E+07  1.08369E+00  4.24335E+01
      53 -7.35945E+00  1.08369E+00  9.00000E+07  1.08369E+00  4.32592E+01
      54 -7.35982E+00  1.08369E+00  9.00000E+07  1.08369E+00  4.40864E+01
      55 -7.36015E+00  1.08369E+00  9.00000E+07  1.08369E+00  4.49127E+01
      56 -7.36039E+00  1.08369E+00  9.00000E+07  1.08369E+00  4.57342E+01
      57 -7.36063E+00  1.08369E+00  9.00000E+07  1.08369E+00  4.65534E+01
      58 -7.36085E+00  1.08369E+00  9.00000E+07  1.08369E+00  4.73740E+01
      59 -7.36110E+00  1.08369E+00  9.00000E+07  1.08369E+00  4.81947E+01
      60 -7.36137E+00  1.08369E+00  9.00000E+07  1.08369E+00  4.90160E+01
      61 -7.36169E+00  1.08369E+00  9.00000E+07  1.08369E+00  4.98348E+01
      62 -7.36205E+00  1.08369E+00  9.00000E+07  1.08369E+00  5.06537E+01
      63 -7.36250E+00  1.08369E+00  9.00000E+07  1.08369E+00  5.14795E+01
      64 -7.36304E+00  1.08369E+00  9.00000E+07  1.08369E+00  5.23169E+01
      65 -7.36363E+00  1.08369E+00  9.00000E+07  1.08369E+00  5.31412E+01
      66 -7.36431E+00  1.08369E+00  9.00000E+07  1.08369E+00  5.39620E+01
      67 -7.36549E+00  1.08369E+00  9.00000E+07  1.08369E+00  5.47820E+01
      68 -7.36849E+00  1.08369E+00  9.00000E+07  1.08369E+00  5.56004E+01
      69 -7.38573E+00  1.08369E+00  9.00000E+07  1.08369E+00  5.64184E+01
      70 -7.42863E+00  1.08369E+00  9.00000E+07  1.08369E+00  5.72374E+01
      71 -7.46892E+00  1.08369E+00  9.00000E+07  1.08369E+00  5.80540E+01
      72 -7.49842E+00  1.08369E+00  9.00000E+07  1.08369E+00  5.88676E+01
      73 -7.73289E+00  1.08369E+00  9.00000E+07  1.08369E+00  5.96916E+01
      74 -7.91358E+00  1.08369E+00  9.00000E+07  1.08369E+00  6.05099E+01
      75 -7.92288E+00  1.08369E+00  9.00000E+07  1.08369E+00  6.13225E+01
      76 -7.97747E+00  1.08369E+00  9.00000E+07  1.08369E+00  6.21352E+01
      77 -7.99361E+00  1.08369E+00  9.00000E+07  1.08369E+00  6.29489E+01
      78 -8.18989E+00  1.08369E+00  9.00000E+07  1.08369E+00  6.37632E+01
      79 -8.23244E+00  1.08369E+00  9.00000E+07  1.08369E+00  6.45790E+01
      80 -8.37713E+00  1.08369E+00  9.00000E+07  1.08369E+00  6.53943E+01
      81 -8.40224E+00  1.08369E+00  9.00000E+07  1.08369E+00  6.62067E+01
      82 -8.46780E+00  1.08369E+00  9.00000E+07  1.08369E+00  6.70169E+01
      83 -8.48507E+00  1.08369E+00  9.00000E+07  1.08369E+00  6.78311E+01
      84 -8.56885E+00  1.08369E+00  9.00000E+07  1.08369E+00  6.86434E+01
      85 -8.63356E+00  1.08369E+00  9.00000E+07  1.08369E+00  6.94534E+01
      86 -8.72738E+00  1.08369E+00  9.00000E+07  1.08369E+00  7.02644E+01
      87 -8.75005E+00  1.08369E+00  9.00000E+07  1.08369E+00  7.10823E+01
      88 -8.82502E+00  1.08369E+00  9.00000E+07  1.08369E+00  7.18991E+01
      89 -8.85913E+00  1.08369E+00  9.00000E+07  1.08369E+00  7.27204E+01
      90 -8.97349E+00  1.08369E+00  9.00000E+07  1.08369E+00  7.35418E+01
      91 -8.99334E+00  1.08369E+00  9.00000E+07  1.08369E+00  7.43656E+01
      92 -9.12637E+00  1.08369E+00  9.00000E+07  1.08369E+00  7.51893E+01
      93 -9.17367E+00  1.08369E+00  9.00000E+07  1.08369E+00  7.60127E+01
      94 -9.24604E+00  1.08369E+00  9.00000E+07  1.08369E+00  7.68318E+01
      95 -9.26221E+00  1.08369E+00  9.00000E+07  1.08369E+00  7.76471E+01
      96 -9.35787E+00  1.08369E+00  9.00000E+07  1.08369E+00  7.84631E+01
      97 -9.37033E+00  1.08369E+00  9.00000E+07  1.08369E+00  7.92803E+01
      98 -9.48756E+00  1.08369E+00  9.00000E+07  1.08369E+00  8.00978E+01
      99 -9.50266E+00  1.08369E+00  9.00000E+07  1.08369E+00  8.09141E+01
     100 -9.57477E+00  1.08369E+00  9.00000E+07  1.08369E+00  8.17328E+01
     101 -9.59999E+00  1.08369E+00  9.00000E+07  1.08369E+00  8.25518E+01
     102 -9.70517E+00  1.08369E+00  9.00000E+07  1.08369E+00  8.33695E+01
     103 -9.73185E+00  1.08369E+00  9.00000E+07  1.08369E+00  8.41895E+01
     104 -9.81537E+00  1.08369E+00  9.00000E+07  1.08369E+00  8.50067E+01
     105 -9.83382E+00  1.08369E+00  9.00000E+07  1.08369E+00  8.58277E+01
     106 -9.93620E+00  1.08369E+00  9.00000E+07  1.08369E+00  8.66580E+01
